usadem2.asc (1.3GB)
Slow: 101.575 secs
Fast: 65.3121 secs

africa.asc (486.4MB)
Slow: 26.1165 secs
Fast: 18.4424 secs

cumberlands.asc (365MB)
Slow: 10.3398 secs
Fast: 7.18681 secs

brunsdem.asc (1.7MB)
Slow: 0.11145 secs
Fast: 0.070823 secs

